
Executing with: N = 100 N_GEN = 150 TAM_POB = 100  M_rate = 0.15
Generacion 0 - Fitness = 46306
Generacion 1 - Fitness = 43376
Generacion 2 - Fitness = 43376
Condición de parada cumplida, el valor del fitness actual no es mejor que el anterior según el criterio indicado
Execution Time: 0.01 sec

Solution: 0 72 15 44 35 99 95 32 28 3 87 63 10 54 58 92 12 64 46 77 88 86 97 22 38 55 21 5 24 13 4 47 75 78 25 71 27 57 81 40 2 80 7 36 84 74 6 56 39 29 59 51 18 23 43 82 94 42 41 50 30 90 60 20 98 91 26 65 34 67 52 62 69 19 16 68 79 11 17 49 48 53 73 31 96 1 61 76 9 70 14 85 66 83 45 8 37 89 93 33 0 
Distance: 43376

Executing with: N = 300 N_GEN = 100 TAM_POB = 500  M_rate = 0.15
Generacion 0 - Fitness = 142998
Generacion 1 - Fitness = 142035
Generacion 2 - Fitness = 139870
Generacion 3 - Fitness = 138158
Generacion 4 - Fitness = 136412
Generacion 5 - Fitness = 134873
Generacion 6 - Fitness = 134873
Condición de parada cumplida, el valor del fitness actual no es mejor que el anterior según el criterio indicado
Execution Time: 0.80 sec

Solution: 0 202 281 174 131 246 247 89 97 61 170 88 81 177 33 182 285 69 273 36 24 117 209 260 168 256 214 176 180 220 13 106 96 56 163 18 60 21 115 208 112 215 119 7 264 104 42 266 55 178 226 179 263 86 192 299 54 277 219 47 279 185 254 31 94 275 243 258 242 63 268 210 79 14 173 250 122 51 232 1 121 65 66 193 262 225 90 16 111 5 32 291 218 239 186 238 118 120 73 49 74 135 133 101 129 194 195 166 172 37 183 283 292 127 26 245 39 290 108 116 76 234 132 22 154 165 169 141 102 295 227 199 128 134 244 284 25 67 155 146 80 259 38 140 6 276 64 83 45 293 147 142 138 248 287 50 41 57 105 221 255 203 164 103 44 93 100 265 228 159 196 123 143 224 257 206 130 152 72 124 12 294 17 15 181 27 298 28 162 235 212 78 99 171 282 34 190 253 95 240 30 269 189 114 137 231 223 136 107 188 109 77 197 286 2 87 201 222 156 237 200 35 261 150 175 59 204 68 271 296 229 46 251 84 207 205 43 19 71 249 230 289 52 10 297 153 53 280 151 241 20 144 98 191 217 92 148 252 274 62 113 233 267 216 3 288 158 145 184 161 9 160 126 211 157 8 23 82 187 236 11 29 91 278 125 270 110 75 149 70 198 213 48 139 85 272 167 58 40 4 0 
Distance: 134873

Executing with: N = 1000 N_GEN = 50 TAM_POB = 800  M_rate = 0.15
Generacion 0 - Fitness = 493877
Generacion 1 - Fitness = 491718
Generacion 2 - Fitness = 488690
Generacion 3 - Fitness = 486988
Generacion 4 - Fitness = 483978
Generacion 5 - Fitness = 483978
Condición de parada cumplida, el valor del fitness actual no es mejor que el anterior según el criterio indicado
Execution Time: 31.46 sec

Solution: 0 758 847 113 57 374 825 355 464 966 862 562 801 453 294 747 687 741 819 710 634 732 927 14 443 524 929 866 259 989 619 17 837 84 74 563 909 781 379 875 644 941 230 797 394 525 896 433 618 715 496 604 799 423 243 947 899 461 206 241 80 575 430 165 650 345 426 431 724 654 427 666 236 224 412 473 198 731 540 46 336 692 469 306 287 768 558 748 327 181 902 229 698 904 574 124 688 778 115 668 15 128 983 212 29 548 749 850 854 36 764 785 297 318 200 144 16 456 70 492 721 623 260 389 638 952 174 118 157 682 526 186 276 437 664 7 201 304 117 119 856 261 487 665 684 980 809 405 603 69 146 593 373 673 63 194 830 746 73 369 976 701 757 765 365 116 319 167 773 436 286 981 49 774 646 733 106 490 709 302 251 662 445 463 518 213 792 219 971 557 937 87 876 104 860 742 842 714 868 488 974 944 290 683 822 279 337 425 55 222 93 999 310 970 601 409 96 705 622 761 800 816 827 626 643 268 326 775 547 552 840 71 589 867 625 900 532 120 133 356 568 191 330 681 991 508 659 803 404 755 531 655 997 83 495 68 857 121 9 725 98 609 45 754 933 924 231 844 936 34 238 790 438 571 321 756 988 965 62 350 690 161 611 651 697 227 320 134 750 888 916 386 740 802 948 225 85 256 489 171 534 178 598 357 726 65 315 147 812 20 359 42 154 188 656 291 938 325 444 584 273 441 271 6 415 998 40 908 335 396 629 123 50 132 950 645 343 324 821 689 370 254 730 729 669 828 316 228 652 564 242 942 686 204 986 497 882 597 78 58 30 263 245 31 631 18 502 364 458 400 300 108 826 417 676 39 299 10 111 928 969 820 262 25 910 53 393 691 334 633 559 477 596 391 541 317 580 620 226 736 428 126 197 107 346 861 377 829 416 420 109 114 265 546 486 419 155 808 964 353 402 962 845 995 519 752 76 700 168 360 990 920 885 332 5 233 12 454 945 32 51 27 94 137 3 292 777 615 670 723 37 739 919 647 13 874 911 452 156 555 472 99 199 711 614 713 328 855 112 871 515 632 649 131 663 22 239 205 527 449 794 846 727 925 769 293 173 442 987 949 408 184 248 884 561 351 448 432 772 101 414 509 569 932 883 839 82 301 612 590 890 635 149 879 921 28 542 639 680 870 853 196 141 818 21 528 61 482 993 960 864 447 671 153 1 270 183 462 640 505 92 784 982 943 704 901 474 582 138 912 308 216 814 358 617 500 361 234 371 930 728 791 175 554 484 362 143 751 221 187 385 913 35 255 295 410 170 935 608 918 877 283 504 348 368 384 125 235 903 478 718 972 716 722 679 823 696 440 401 439 922 158 352 977 610 298 483 387 567 240 835 313 215 545 648 329 485 978 457 140 955 893 699 898 806 429 852 284 522 641 139 535 494 479 905 323 340 863 446 543 434 289 249 805 642 783 892 934 398 984 26 586 637 150 465 269 954 973 578 383 848 179 798 738 859 338 395 807 367 702 588 217 195 266 889 517 180 720 766 468 491 103 894 953 466 480 789 570 278 498 770 831 735 288 851 926 878 209 737 307 460 886 880 744 788 824 169 587 220 810 621 605 86 424 475 41 832 11 667 963 331 467 695 177 382 533 59 223 661 873 566 678 363 703 553 539 556 657 858 967 203 210 8 151 214 280 166 411 616 583 607 376 958 796 516 674 129 481 767 658 551 891 613 523 253 793 786 591 833 576 381 585 923 89 572 471 311 753 277 182 459 407 388 599 24 102 450 455 537 677 207 804 836 771 257 708 303 192 163 787 817 895 110 81 79 164 322 232 347 780 91 538 127 380 67 493 897 152 403 956 392 957 60 105 378 865 64 47 275 342 264 145 939 23 849 549 252 506 397 312 258 536 354 600 341 176 560 636 841 782 218 272 759 606 333 44 90 693 274 244 961 511 706 743 33 282 130 142 190 594 592 349 52 314 685 38 872 75 779 763 992 435 975 48 979 843 940 390 660 513 160 54 470 628 189 172 399 719 267 281 247 339 653 4 881 627 946 422 529 707 372 573 135 520 834 309 366 838 550 237 795 421 413 717 815 968 202 762 675 577 122 185 499 2 811 305 994 512 77 985 136 745 630 530 148 581 246 375 100 88 672 544 602 406 344 915 507 503 208 996 95 914 917 959 734 624 97 19 514 159 72 887 565 162 931 712 776 211 66 579 501 285 193 451 595 951 56 296 694 250 906 907 476 869 43 521 510 760 813 418 0 
Distance: 483978
